>>>>>>>>> GB properties <<<<<<<<<
---GB energy (sigma_ij), mobility prefactor (mob0_ij), activation energy (Q_ij)---
0.708 0.708 0.708 0.708 0.708
0.708 0.708 0.708 0.708 0.708
0.708 0.708 0.708 0.708 0.708
0.708 0.708 0.708 0.708 0.708
0.708 0.708 0.708 0.708 0.708
1.0e-10 1.0e-10 1.0e-10 1.0e-10 1.0e-10
1.0e-10 1.0e-10 2.0e-14 1.0e-10 1.0e-10
1.0e-10 2.0e-14 1.0e-10 1.0e-10 1.0e-10
1.0e-10 1.0e-10 1.0e-10 1.0e-10 1.0e-10
1.0e-10 1.0e-10 1.0e-10 1.0e-10 1.0e-10
0.23	0.23	0.23  0.23	0.23
0.23	0.23	0.23  0.23	0.23
0.23	0.23	0.23  0.23	0.23
0.23	0.23	0.23  0.23	0.23
0.23	0.23	0.23  0.23	0.23
